DMSP 5D-2 F14 (USA 131) 
1 24753U 97012A   19254.11574991  .00000041  00000-0  44160-4 0  9992
2 24753  99.0323 262.1624 0007704 281.5565  78.4743 14.15864097158790
NOAA 15                 
1 25338U 98030A   19253.76037620  .00000032  00000-0  31946-4 0  9994
2 25338  98.7439 274.8618 0010428   5.2111 354.9176 14.25930103109232
DMSP 5D-3 F15 (USA 147) 
1 25991U 99067A   19253.80499187 -.00000108  00000-0 -31544-4 0  9995
2 25991  98.9269 218.6499 0009722 173.1966 247.4343 14.16516734 20718
METEOSAT-8 (MSG-1)      
1 27509U 02040B   19254.02841824  .00000122  00000-0  00000+0 0  9993
2 27509   6.2338  55.2371 0000798  30.3212 315.8440  1.00269374 62460
DMSP 5D-3 F16 (USA 172) 
1 28054U 03048A   19253.82059885 -.00000089  00000-0 -23658-4 0  9996
2 28054  98.8747 229.3863 0006769 305.4213 146.6886 14.13677122820242
NOAA 18                 
1 28654U 05018A   19253.79236933  .00000077  00000-0  66713-4 0  9992
2 28654  99.0884 301.9901 0013347 303.2820  56.7072 14.12450593737383
METEOSAT-9 (MSG-2)      
1 28912U 05049B   19253.73373531  .00000004  00000-0  00000+0 0  9995
2 28912   3.8337  71.0123 0002006  59.3129 127.0345  1.00280686 50298
HIMAWARI-7 (MTSAT-2)    
1 28937U 06004A   19253.76191253 -.00000264  00000-0  00000-0 0  9996
2 28937   0.0429 265.2583 0003810 273.4246 230.1258  1.00271530 49707
FORMOSAT-3 FM6          
1 29047U 06011A   19253.64026488  .00000025  00000-0  25911-4 0  9997
2 29047  71.9797 323.1212 0050443 188.3741 171.6559 14.28693141701210
FORMOSAT-3 FM1          
1 29048U 06011B   19253.37192800  .00000091  00000-0  52275-4 0  9996
2 29048  71.9651 234.9073 0042519 146.1950 214.1911 14.28648936703661
FORMOSAT-3 FM5          
1 29049U 06011C   19253.80881988  .00000025  00000-0  26057-4 0  9993
2 29049  72.0209  44.0677 0034758 175.3615 184.7851 14.28735094699516
FORMOSAT-3 FM3          
1 29050U 06011D   19253.82889638  .00000107  00000-0  32907-4 0  9999
2 29050  72.0149 218.7845 0047969 115.8581 244.7530 14.58828880715404
FORMOSAT-3 FM4          
1 29051U 06011E   19253.60466642  .00000028  00000-0  26764-4 0  9998
2 29051  72.0055 307.0765 0066890  49.2552 311.4364 14.28761781702075
FORMOSAT-3 FM2          
1 29052U 06011F   19253.76420637  .00000029  00000-0  27284-4 0  9999
2 29052  72.0363  20.1148 0038868 134.3935 226.0396 14.28861859699608
GOES 13                 
1 29155U 06018A   19254.53661660  .00000095  00000-0  00000+0 0  9994
2 29155   0.0199 334.4901 0007472 268.1423 164.0313  0.99978305 48744
METOP-A                 
1 29499U 06044A   19253.79764109 -.00000014  00000-0  13215-4 0  9992
2 29499  98.5672 304.5655 0001225  68.0079 355.7952 14.21482658668838
DMSP 5D-3 F17 (USA 191) 
1 29522U 06050A   19253.85058242  .00000021  00000-0  34009-4 0  9998
2 29522  98.8187 269.2480 0008901 253.8984 106.1209 14.14000546663077
FENGYUN 3A              
1 32958U 08026A   19254.48460724 -.00000042  00000-0 -87380-6 0  9999
2 32958  98.3843 250.0953 0009765  70.5706 289.6532 14.18606851585137
FENGYUN 2E              
1 33463U 08066A   19254.53996295 -.00000218  00000-0  00000+0 0  9999
2 33463   3.7644  69.1114 0003677 253.9772 308.1614  1.00266807 39314
NOAA 19                 
1 33591U 09005A   19253.84965257  .00000057  00000-0  56383-4 0  9992
2 33591  99.1856 247.0306 0014599 139.2828 220.9437 14.12375546545788
GOES 14                 
1 35491U 09033A   19253.56859771 -.00000115  00000-0  00000+0 0  9992
2 35491   0.3663 278.2230 0012004 294.6533 236.8517  1.00273412 37377
METEOR-M 1              
1 35865U 09049A   19253.95245770  .00000023  00000-0  28903-4 0  9999
2 35865  98.4169 248.2971 0001288 310.2937  49.8129 14.22206645518046
DMSP 5D-3 F18 (USA 210) 
1 35951U 09057A   19253.81799005  .00000047  00000-0  47681-4 0  9994
2 35951  98.6248 248.4897 0012329  89.5368 270.7218 14.13219389510363
GOES 15                 
1 36411U 10008A   19253.63568214  .00000032  00000-0  00000+0 0  9993
2 36411   0.3725 278.9272 0003245 250.9747 280.1053  1.00278482 34883
COMS 1                  
1 36744U 10032A   19253.47141689 -.00000365  00000-0  00000+0 0  9994
2 36744   0.0244 103.9923 0001086  58.3737 124.7101  1.00273024 33866
FENGYUN 3B              
1 37214U 10059A   19254.44856701  .00000001  00000-0  23517-4 0  9991
2 37214  99.0080 227.4129 0017052 344.1052  15.9590 14.15923517458055
SUOMI NPP               
1 37849U 11061A   19253.80470917 -.00000001  00000-0  20257-4 0  9998
2 37849  98.7391 190.8764 0001189  61.9249   4.3569 14.19549204407800
FENGYUN 2F              
1 38049U 12002A   19254.54502263 -.00000376  00000-0  00000+0 0  9993
2 38049   1.4270  82.9811 0000819 261.6517 313.9064  1.00276345 28111
METEOSAT-10 (MSG-3)     
1 38552U 12035B   19253.75594341  .00000045  00000-0  00000+0 0  9990
2 38552   1.1164 343.7835 0002024 173.0134 114.5060  1.00279674 26436
METOP-B                 
1 38771U 12049A   19253.78853072 -.00000017  00000-0  11965-4 0  9997
2 38771  98.6958 311.9123 0002153  87.2691  22.0570 14.21495917362153
FENGYUN 3C              
1 39260U 13052A   19253.78862632 -.00000025  00000-0  86282-5 0  9992
2 39260  98.5955 309.7598 0010110 305.6321  54.3911 14.15871882308905
METEOR-M 2              
1 40069U 14037A   19254.44609648 -.00000052  00000-0 -43607-5 0  9990
2 40069  98.5438 296.9889 0006087  23.3022 336.8438 14.20664142268452
HIMAWARI-8              
1 40267U 14060A   19253.76104017 -.00000297  00000-0  00000-0 0  9995
2 40267   0.0540 236.0459 0001050 304.9915 223.0944  1.00271295 17971
FENGYUN 2G              
1 40367U 14090A   19253.97481473 -.00000323  00000-0  00000-0 0  9996
2 40367   1.4253  99.2011 0002136 263.8287  77.2003  1.00275411 17252
METEOSAT-11 (MSG-4)     
1 40732U 15034A   19253.73312466 -.00000021  00000-0  00000+0 0  9994
2 40732   0.8746 252.6194 0002324 250.3425 110.7574  1.00278922 15253
ELEKTRO-L 2             
1 41105U 15074A   19253.90605057 -.00000117  00000-0  00000-0 0  9990
2 41105   0.5369 103.9388 0001313  23.6190 264.2767  1.00271066 13749
HIMAWARI-9              
1 41836U 16064A   19253.76112740 -.00000296  00000-0  00000-0 0  9995
2 41836   0.0084  94.7531 0001085  83.1721 226.3436  1.00274099 10527
GOES 16                 
1 41866U 16071A   19253.78982802 -.00000269  00000-0  00000+0 0  9991
2 41866   0.0422 324.2978 0000643 229.0999   5.2661  1.00271639 10328
FENGYUN 4A              
1 41882U 16077A   19253.98821119 -.00000350  00000-0  00000-0 0  9992
2 41882   0.1386  87.7926 0002305  43.9920 318.3687  1.00268013 10209
CYGFM05                 
1 41884U 16078A   19253.73632650  .00000179  00000-0  11305-4 0  9990
2 41884  34.9577   3.4538 0015286  56.9816 303.2362 15.14441372151527
CYGFM04                 
1 41885U 16078B   19253.66916168  .00000263  00000-0  15545-4 0  9996
2 41885  34.9509 358.5773 0013585  64.0216 296.1894 15.14945985151565
CYGFM02                 
1 41886U 16078C   19253.66217226  .00000258  00000-0  15270-4 0  9995
2 41886  34.9600   0.1605 0014373  60.7589 299.4558 15.14948585151555
CYGFM01                 
1 41887U 16078D   19253.73636773  .00000246  00000-0  14911-4 0  9994
2 41887  34.9544   4.1607 0015762  58.1185 302.1058 15.14254937151519
CYGFM08                 
1 41888U 16078E   19253.67298886  .00000260  00000-0  15480-4 0  9995
2 41888  34.9514   1.5100 0014877  62.5446 297.6776 15.14664424151523
CYGFM06                 
1 41889U 16078F   19253.70550878  .00000269  00000-0  15857-4 0  9999
2 41889  34.9594 358.5710 0013350  60.8819 299.3227 15.14939176151567
CYGFM07                 
1 41890U 16078G   19253.68388708  .00000272  00000-0  15998-4 0  9999
2 41890  34.9532 357.9292 0013063  63.3883 296.8165 15.14937879151560
CYGFM03                 
1 41891U 16078H   19253.67877150  .00000272  00000-0  16000-4 0  9998
2 41891  34.9564 358.1302 0012550  62.2832 297.9151 15.14937947151566
FENGYUN 3D              
1 43010U 17072A   19254.43972639  .00000001  00000-0  20901-4 0  9996
2 43010  98.7163 192.4251 0001663 129.5126 230.6193 14.19726198 94465
NOAA 20                 
1 43013U 17073A   19253.89677100 -.00000021  00000-0  10986-4 0  9999
2 43013  98.7237 190.7889 0001456  78.3653 281.7687 14.19542776 93859
GOES 17                 
1 43226U 18022A   19253.70555812  .00000076  00000-0  00000+0 0  9995
2 43226   0.0310  40.4302 0000482 100.4021 325.4140  1.00273789  5650
FENGYUN 2H              
1 43491U 18050A   19254.53847994 -.00000147  00000-0  00000+0 0  9997
2 43491   1.3173 280.3051 0003242 242.7741 100.0990  1.00269921  4738
METOP-C                 
1 43689U 18087A   19253.81424002 -.00000044  00000-0  00000-0 0  9994
2 43689  98.6968 312.2606 0003176  84.8003 275.3541 14.21494041 43721
GEO-KOMPSAT-2A          
1 43823U 18100A   19253.47150412 -.00000366  00000-0  00000-0 0  9990
2 43823   0.0283  26.6401 0001838  97.7280 162.8069  1.00271829  2832
METEOR-M2 2             
1 44387U 19038A   19253.85373489 -.00000027  00000-0  69785-5 0  9994
2 44387  98.5760 215.1689 0000592 215.4612 144.6527 14.23334011  9619
